YEAR JAN FEB MAR APR MAY JUN JUL AUG SEP OCT NOV DEC ANNUAL WINTER SPRING SUMMER AUTUMN 1ST HALF 2ND HALF
1931 1.56 1.36 3.50 2.87 4.84 2.12 4.23 5.92 2.79 1.28 1.01 2.03 33.51 4.96 11.21 12.27 5.08 16.25 17.26
1932 4.82 2.46 6.45 2.12 5.07 2.84 2.43 1.36 4.24 7.40 6.43 3.93 49.55 9.31 13.64 6.63 18.07 23.76 25.79
1933 3.25 2.63 3.24 4.67 6.26 3.88 6.71 9.91 2.62 2.56 0.95 2.43 49.11 9.81 14.17 20.50 6.13 23.93 25.18
1934 1.97 3.22 4.18 2.27 3.85 2.87 2.88 5.21 17.45 0.75 3.58 2.91 51.14 7.62 10.30 10.96 21.78 18.36 32.78
1935 5.27 2.37 3.39 3.95 3.54 3.43 2.25 2.40 8.08 2.76 4.03 2.06 43.53 10.55 10.88 8.08 14.87 21.95 21.58
1936 5.87 3.83 4.47 1.98 5.32 2.29 4.07 3.61 1.98 1.70 0.76 5.23 41.11 11.76 11.77 9.97 4.44 23.76 17.35
1937 7.83 3.33 1.50 6.85 4.02 5.23 3.67 6.70 1.76 8.81 3.88 0.71 54.29 16.39 12.37 15.60 14.45 28.76 25.53
1938 2.64 2.37 2.23 1.67 3.51 2.26 5.06 4.64 4.27 1.15 2.60 2.69 35.09 5.72 7.41 11.96 8.02 14.68 20.41
1939 3.41 5.71 2.89 3.78 0.41 4.55 2.01 3.22 6.90 4.06 1.40 2.20 40.54 11.81 7.08 9.78 12.36 20.75 19.79
1940 2.12 2.77 3.42 6.19 3.10 0.86 5.73 5.00 1.34 2.15 5.26 2.27 40.21 7.09 12.71 11.59 8.75 18.46 21.75
1941 3.04 0.92 2.57 2.73 1.58 4.38 5.67 1.92 0.53 1.08 0.81 3.94 29.17 6.23 6.88 11.97 2.42 15.22 13.95
1942 2.47 2.03 5.96 0.54 3.93 5.35 5.40 9.49 2.60 8.33 2.10 3.83 52.03 8.44 10.43 20.24 13.03 20.28 31.75
1943 2.87 2.02 4.31 3.30 4.04 2.43 1.46 0.74 2.88 4.29 4.23 1.54 34.11 8.72 11.65 4.63 11.40 18.97 15.14
1944 2.96 2.48 5.44 3.08 1.02 2.78 2.44 6.49 5.77 3.22 3.29 3.33 42.30 6.98 9.54 11.71 12.28 17.76 24.54
1945 2.89 2.94 0.84 3.26 3.44 5.13 11.06 2.62 3.93 1.34 4.24 4.71 46.40 9.16 7.54 18.81 9.51 18.50 27.90
1946 1.88 2.32 1.67 1.93 6.99 1.40 3.14 5.75 2.72 2.77 1.33 1.72 33.62 8.91 10.59 10.29 6.82 16.19 17.43
1947 3.81 1.27 1.02 2.48 4.44 6.86 3.47 1.81 4.70 1.23 4.20 1.36 36.65 6.80 7.94 12.14 10.13 19.88 16.77
1948 4.57 1.67 3.66 3.05 8.87 5.44 4.31 9.00 3.19 3.09 6.00 4.69 57.54 7.60 15.58 18.75 12.28 27.26 30.28
1949 5.08 2.68 3.42 1.94 6.33 2.42 4.22 4.09 3.49 3.27 0.94 1.98 39.86 12.45 11.69 10.73 7.70 21.87 17.99
1950 1.91 2.72 4.17 1.86 5.76 3.14 5.11 7.32 6.73 3.59 2.87 2.72 47.90 6.61 11.79 15.57 13.19 19.56 28.34
1951 2.18 2.65 2.92 3.49 2.74 6.69 5.25 1.75 2.67 1.67 4.79 4.54 41.34 7.55 9.15 13.69 9.13 20.67 20.67
1952 4.48 1.77 3.76 5.97 4.73 3.06 4.46 5.20 4.06 0.66 6.33 2.95 47.43 10.79 14.46 12.72 11.05 23.77 23.66
1953 4.13 2.35 7.43 4.77 10.69 2.98 2.72 3.48 4.07 3.73 1.50 3.32 51.17 9.43 22.89 9.18 9.30 32.35 18.82
1954 2.30 0.85 3.47 3.30 2.98 1.24 1.70 3.15 0.63 4.06 1.78 2.82 28.28 6.47 9.75 6.09 6.47 14.14 14.14
1955 0.31 3.13 3.70 2.57 3.38 2.76 2.32 14.31 0.65 6.46 1.63 0.22 41.44 6.26 9.65 19.39 8.74 15.85 25.59
1956 1.99 2.82 3.53 2.06 2.17 2.66 5.88 1.94 3.70 2.62 2.81 3.02 35.20 5.03 7.76 10.48 9.13 15.23 19.97
1957 2.61 2.75 2.23 2.73 1.40 3.02 1.05 2.44 3.57 2.49 2.87 5.62 32.78 8.38 6.36 6.51 8.93 14.74 18.04
1958 2.51 4.14 5.85 4.92 2.77 3.21 7.15 6.49 2.57 2.35 2.04 1.62 45.62 12.27 13.54 16.85 6.96 23.40 22.22
1959 2.21 1.51 2.20 4.01 2.89 5.35 4.38 2.87 2.05 2.43 2.22 3.26 35.38 5.34 9.10 12.60 6.70 18.17 17.21
1960 2.66 3.33 2.08 3.15 4.35 2.55 4.61 4.13 4.17 2.54 0.99 2.43 36.99 9.25 9.58 11.29 7.70 18.12 18.87
1961 3.12 5.71 4.18 3.24 2.57 4.84 3.95 6.31 1.02 2.37 1.75 2.88 41.94 11.26 9.99 15.10 5.14 23.66 18.28
1962 1.59 3.65 3.83 2.90 3.46 2.44 1.63 0.55 2.64 1.93 5.12 3.33 33.07 8.12 10.19 4.62 9.69 17.87 15.20
1963 1.86 1.94 5.43 0.99 1.06 6.87 1.95 7.21 3.61 T 6.70 1.72 39.34 7.13 7.48 16.03 10.31 18.15 21.19
1964 3.98 3.38 2.53 4.37 1.46 1.30 1.87 1.89 3.07 1.34 1.42 2.87 29.48 9.08 8.36 5.06 5.83 17.02 12.46
1965 2.73 1.89 4.37 1.65 1.72 1.88 2.98 4.44 2.12 2.32 0.37 0.47 26.94 7.49 7.74 9.30 4.81 14.24 12.70
1966 3.95 3.57 1.44 3.33 2.74 2.02 0.93 1.67 6.87 4.72 1.50 3.28 36.02 7.99 7.51 4.62 13.09 17.05 18.97
1967 1.35 2.32 3.49 0.80 4.27 1.51 5.24 9.17 0.20 1.77 2.10 5.93 38.15 6.95 8.56 15.92 4.07 13.74 24.41
1968 1.97 0.80 3.66 1.53 4.23 7.40 1.31 3.95 2.97 3.17 3.62 2.22 36.83 8.70 9.42 12.66 9.76 19.59 17.24
1969 1.69 2.08 1.60 1.71 1.20 3.46 9.44 6.98 5.07 1.14 2.39 6.54 43.30 5.99 4.51 19.88 8.60 11.74 31.56
1970 1.24 2.69 2.82 5.35 2.79 2.80 8.12 1.09 1.57 2.05 5.77 3.33 39.62 10.47 10.96 12.01 9.39 17.69 21.93
1971 1.86 5.44 1.93 2.10 6.80 1.72 4.97 7.18 2.48 6.12 3.76 1.66 46.02 10.63 10.83 13.87 12.36 19.85 26.17
1972 2.45 5.27 2.27 3.99 4.78 11.53 3.43 2.82 1.27 3.56 6.05 4.55 51.97 9.38 11.04 17.78 10.88 30.29 21.68
1973 2.26 2.68 2.97 4.19 3.39 2.11 2.68 4.41 1.58 1.71 0.97 6.03 34.98 9.49 10.55 9.20 4.26 17.60 17.38
1974 2.66 0.95 4.21 2.26 4.37 3.40 1.15 5.77 4.39 1.13 1.24 4.43 35.96 9.64 10.84 10.32 6.76 17.85 18.11
1975 3.09 1.56 5.33 2.13 4.71 2.15 7.16 3.54 12.36 2.38 2.05 4.04 50.50 9.08 12.17 12.85 16.79 18.97 31.53
1976 3.56 1.55 2.51 1.17 3.57 1.21 4.54 2.13 7.23 7.76 0.85 1.99 38.07 9.15 7.25 7.88 15.84 13.57 24.50
1977 1.50 0.66 2.17 2.66 1.73 3.28 4.06 4.74 0.32 5.35 4.81 4.86 36.14 4.15 6.56 12.08 10.48 12.00 24.14
1978 7.11 0.42 4.48 1.38 5.13 2.43 4.28 5.85 1.01 1.16 2.31 4.00 39.56 12.39 10.99 12.56 4.48 20.95 18.61
1979 6.64 5.62 2.45 1.88 3.55 2.99 3.43 5.41 6.64 5.54 2.33 0.85 47.33 16.26 7.88 11.83 14.51 23.13 24.20
1980 2.85 1.16 5.04 3.28 2.64 1.68 3.86 1.11 1.90 2.59 2.56 0.65 29.32 4.86 10.96 6.65 7.05 16.65 12.67
1981 0.38 2.82 1.49 2.63 3.42 2.55 5.69 3.02 1.94 3.64 0.29 2.80 30.67 3.85 7.54 11.26 5.87 13.29 17.38
1982 2.27 3.33 2.64 3.19 5.11 5.41 2.98 2.68 1.71 1.75 2.96 1.74 35.77 8.40 10.94 11.07 6.42 21.95 13.82
1983 1.69 3.09 4.84 6.88 4.62 7.09 1.78 3.11 2.90 4.87 5.09 5.91 51.87 6.52 16.34 11.98 12.86 28.21 23.66
1984 1.71 3.43 6.14 3.71 3.80 2.01 4.09 2.30 2.51 3.18 3.66 1.19 37.73 11.05 13.65 8.40 9.35 20.80 16.93
1985 2.11 3.07 1.88 0.03 5.79 2.05 2.91 2.35 6.67 3.85 4.47 0.68 35.86 6.37 7.70 7.31 14.99 14.93 20.93
1986 2.38 3.49 0.74 1.98 0.75 1.29 3.79 5.33 0.60 2.01 5.23 4.98 32.57 6.55 3.47 10.41 7.84 10.63 21.94
1987 4.90 2.11 1.54 2.28 2.54 3.90 2.59 2.07 5.11 2.53 4.49 2.57 36.63 11.99 6.36 8.56 12.13 17.27 19.36
1988 3.14 2.52 2.27 2.00 4.50 0.95 3.74 2.39 1.85 1.75 5.33 1.30 31.74 8.23 8.77 7.08 8.93 15.38 16.36
1989 2.49 2.80 4.30 3.50 7.77 6.02 5.66 1.15 6.68 5.48 2.37 2.10 50.32 6.59 15.57 12.83 14.53 26.88 23.44
1990 2.95 1.30 2.57 4.09 5.20 3.14 3.78 6.74 0.87 3.30 2.17 4.73 40.84 6.35 11.86 13.66 6.34 19.25 21.59
1991 2.90 0.83 4.42 1.39 1.57 1.27 3.76 2.03 3.50 2.03 0.85 5.07 29.62 8.46 7.38 7.06 6.38 12.38 17.24
1992 2.78 2.23 3.48 2.55 3.41 2.35 5.34 2.48 3.49 2.03 3.38 2.86 36.38 10.08 9.44 10.17 8.90 16.80 19.58
1993 2.90 2.27 6.82 3.62 3.40 1.73 1.36 3.87 3.68 2.62 4.76 4.38 41.41 8.03 13.84 6.96 11.06 20.74 20.67
1994 4.28 4.20 8.45 1.58 1.56 1.59 3.61 4.35 2.84 1.19 1.57 2.35 37.57 12.86 11.59 9.55 5.60 21.66 15.91
1995 3.22 1.71 2.14 1.89 4.19 2.42 4.03 0.88 3.73 8.65 4.77 2.17 39.80 7.28 8.22 7.33 17.15 15.57 24.23
1996 5.01 1.99 3.60 3.17 4.96 3.14 5.60 2.63 7.79 4.04 3.58 5.51 51.02 7.00 11.73 11.37 15.41 21.87 29.15
1997 2.55 2.43 4.15 2.41 3.04 2.94 1.14 3.51 1.59 3.72 4.60 1.74 33.82 10.49 9.60 7.59 9.91 17.52 16.30
1998 5.43 5.23 5.40 3.96 4.05 4.42 1.79 0.59 1.83 0.59 0.91 1.74 35.94 12.40 13.41 6.80 3.33 28.49 7.45
1999 5.42 2.54 3.87 2.09 1.28 2.26 1.01 5.02 10.27 2.16 1.82 2.49 40.23 9.70 7.24 8.29 14.25 17.46 22.77
2000 3.66 2.06 3.98 5.13 3.08 4.93 5.51 3.77 4.91 0.02 1.60 2.01 40.66 8.21 12.19 14.21 6.53 22.84 17.82
2001 2.22 1.83 3.88 1.68 3.71 4.69 4.78 2.98 1.41 0.69 0.55 1.53 29.95 6.06 9.27 12.45 2.65 18.01 11.94
2002 1.32 0.47 3.37 3.47 2.17 3.81 2.20 1.63 2.10 5.00 4.34 4.45 34.33 3.32 9.01 7.64 11.44 14.61 19.72
2003 2.41 6.98 4.20 2.55 7.06 7.87 5.76 4.65 6.87 3.93 4.23 4.32 60.83 13.84 13.81 18.28 15.03 31.07 29.76
2004 1.35 2.28 2.09 3.84 2.98 4.60 6.98 5.09 3.99 1.74 4.50 3.05 42.49 7.95 8.91 16.67 10.23 17.14 25.35
2005 3.31 1.63 4.46 4.33 4.61 2.87 6.06 2.33 0.11 9.41 1.92 3.34 44.38 7.99 13.40 11.26 11.44 21.21 23.17
2006 3.25 2.46 0.05 3.10 2.21 14.02 3.56 1.03 6.31 5.06 5.16 1.56 47.77 9.05 5.36 18.61 16.53 25.09 22.68
2007 2.46 2.22 3.19 4.17 1.75 1.38 2.40 3.47 0.60 6.55 1.46 3.28 32.93 6.24 9.11 7.25 8.61 15.17 17.76
2008 1.37 4.17 2.80 4.92 10.66 4.80 3.60 1.23 6.41 1.13 2.43 2.97 46.49 8.82 18.38 9.63 9.97 28.72 17.77
2009 2.68 0.35 1.97 4.22 8.05 5.86 1.07 2.46 3.31 5.71 4.43 6.79 46.90 6.00 14.24 9.39 13.45 23.13 23.77
2010 1.56 2.72 3.55 1.50 2.40 1.87 5.17 2.59 6.02 3.40 2.22 1.78 34.78 11.07 7.45 9.63 11.64 13.60 21.18
2011 2.25 2.12 4.40 3.20 1.70 1.68 3.03 8.92 8.84 3.91 1.94 4.90 46.89 6.15 9.30 13.63 14.69 15.35 31.54
2012 2.19 2.33 1.02 1.92 3.28 2.38 2.81 2.78 4.29 5.82 0.60 3.03 32.45 9.42 6.22 7.97 10.71 13.12 19.33
2013 2.53 1.67 2.80 2.76 2.82 9.97 4.43 1.34 1.22 6.25 2.92 5.53 44.24 7.23 8.38 15.74 10.39 22.55 21.69
2014 2.58 4.02 4.26 6.47 4.96 4.68 4.68 3.39 1.11 3.49 2.64 3.50 45.78 12.13 15.69 12.75 7.24 26.97 18.81
2015 3.73 1.68 4.04 3.41 1.92 11.94 5.01 1.16 2.15 3.04 2.10 4.84 45.02 8.91 9.37 18.11 7.29 26.72 18.30
2016 2.68 3.79 1.16 2.05 5.65 3.68 3.13 2.79 2.50 0.90 0.76 2.61 31.70 11.31 8.86 9.60 4.16 19.01 12.69
2017 2.75 0.68 3.19 2.62 5.55 1.13 9.15 4.58 1.43 2.02 2.00 0.50 35.60 6.04 11.36 14.86 5.45 15.92 19.68
2018 0.94 4.79 1.92 3.59 8.73 5.21 9.73 5.19 9.73 3.06 7.57 5.82 66.28 6.23 14.24 20.13 20.36 25.18 41.10
2019 3.30 3.52 4.00 2.24 4.97 4.27 6.49 1.99 0.25 6.66 1.37 3.28 42.34 12.64 11.21 12.75 8.28 22.30 20.04
2020 2.79 3.21 2.31 6.30 2.49 3.51 6.51 8.73 5.53 4.86 6.14 4.96 57.34 9.28 11.10 18.75 16.53 20.61 36.73
2021 1.93 4.66 3.80 2.20 3.77 5.51 4.24 9.07 4.03 3.27 0.98 0.63 44.09 11.55 9.77 18.82 8.28 21.87 22.22
2022 3.68
